>> calculate_periodic_RRMSE

inner_multiplier =

    1.3000


outer_multiplier =

    20


skip =

     1


vaspversion =

     4


nheader =

     6


kcalmolhartree =

  627.5095


alpha =

    0.0938


cutoff_length =

   31.9849


inner_multiplier =

    1.3000


outer_multiplier =

    20


skip =

     1


vaspversion =

     4


partial_charge =

    1.0895
    1.0878
    1.0878
    1.0902
    1.0882
    1.0895
    1.0878
    1.0878
    1.0902
    1.0882
    1.0878
    1.0902
    1.0878
    1.0895
    1.0882
    1.0895
    1.0878
    1.0878
    1.0902
    1.0882
   -1.0860
   -1.0888
   -1.0902
   -1.0900
   -1.0886
   -1.0888
   -1.0860
   -1.0902
   -1.0900
   -1.0886
   -1.0888
   -1.0860
   -1.0902
   -1.0900
   -1.0886
   -1.0888
   -1.0860
   -1.0900
   -1.0902
   -1.0886


atomic_dipole =

   -0.0030    0.0239    0.0100
   -0.0028    0.0139    0.0222
   -0.0025   -0.0025    0.0265
   -0.0025   -0.0170    0.0197
   -0.0027   -0.0250    0.0065
   -0.0030   -0.0239   -0.0100
   -0.0028   -0.0139   -0.0222
   -0.0025    0.0025   -0.0265
   -0.0025    0.0170   -0.0197
   -0.0027    0.0250   -0.0065
   -0.0025    0.0265    0.0025
   -0.0025    0.0197    0.0170
   -0.0028    0.0222   -0.0139
   -0.0030    0.0100   -0.0239
   -0.0027    0.0065    0.0250
   -0.0030   -0.0100    0.0239
   -0.0028   -0.0222    0.0139
   -0.0025   -0.0265   -0.0025
   -0.0025   -0.0197   -0.0170
   -0.0027   -0.0065   -0.0250
    0.0032   -0.0720    0.0175
    0.0014   -0.0639    0.0386
    0.0033   -0.0744   -0.0053
    0.0031   -0.0691   -0.0281
    0.0034   -0.0564   -0.0489
    0.0014   -0.0386   -0.0639
    0.0032   -0.0175   -0.0720
    0.0033    0.0053   -0.0744
    0.0031    0.0281   -0.0691
    0.0034    0.0489   -0.0564
    0.0014    0.0639   -0.0386
    0.0032    0.0720   -0.0175
    0.0033    0.0744    0.0053
    0.0031    0.0691    0.0281
    0.0034    0.0564    0.0489
    0.0014    0.0386    0.0639
    0.0032    0.0175    0.0720
    0.0031   -0.0281    0.0691
    0.0033   -0.0053    0.0744
    0.0034   -0.0489    0.0564


natoms =

    40


a =

    0.1400


inputfile =

LOCPOT


fid1 =

     3


vectors =

    8.2316         0         0
         0   28.3459         0
         0         0   28.3459


direct_coords =

    0.2085    0.2464    0.1021
    0.2086    0.1394    0.2274
    0.2085    0.9791    0.2659
    0.2086    0.8268    0.2028
    0.2085    0.7407    0.0623
    0.2085    0.7536    0.8979
    0.2086    0.8606    0.7726
    0.2085    0.0209    0.7341
    0.2086    0.1732    0.7972
    0.2085    0.2593    0.9377
    0.7085    0.2659    0.0209
    0.7086    0.2028    0.1732
    0.7086    0.2274    0.8606
    0.7085    0.1021    0.7536
    0.7085    0.0623    0.2593
    0.7085    0.8979    0.2464
    0.7086    0.7726    0.1394
    0.7085    0.7341    0.9791
    0.7086    0.7972    0.8268
    0.7085    0.9377    0.7407
    0.5414    0.7369    0.0631
    0.0414    0.7693    0.1413
    0.0415    0.7303    0.9788
    0.5415    0.7501    0.8965
    0.0414    0.7943    0.8243
    0.5414    0.8587    0.7693
    0.0414    0.9369    0.7369
    0.5415    0.0212    0.7303
    0.0415    0.1035    0.7501
    0.5414    0.1757    0.7943
    0.0414    0.2307    0.8587
    0.5414    0.2631    0.9369
    0.0415    0.2697    0.0212
    0.5415    0.2499    0.1035
    0.0414    0.2057    0.1757
    0.5414    0.1413    0.2307
    0.0414    0.0631    0.2631
    0.0415    0.8965    0.2499
    0.5415    0.9788    0.2697
    0.5414    0.8243    0.2057


totnum =

    28    98    98


realsumlimitA =

     4


realsumlimitB =

     2


realsumlimitC =

     2


inputfile =

POTCAR


reciprocal_vectors =

    0.7633         0         0
         0    0.2217         0
         0         0    0.2217


ka =

     1


ka =

     2


ka =

     3


ka =

     4


ka =

     5


ka =

     6


ka =

     7


ka =

     8


ka =

     9


ka =

    10


ka =

    11


ka =

    12


ka =

    13


ka =

    14


ka =

    15


ka =

    16


ka =

    17


ka =

    18


ka =

    19


ka =

    20


ka =

    21


ka =

    22


ka =

    23


ka =

    24


ka =

    25


ka =

    26


ka =

    27


ka =

    28


ans =

The number of valid grid points were


sum_points =

      120556


ans =

The rms potential error without charges in kcal/mol is


no_charges_rms_error =

    3.7077


ans =

The rms potential error with partial charges in kcal/mol is


RMSE_monopole =

    8.0404


ans =

The RRMSE value at monopole order


RRMSE_monopole =

    2.1686


ans =

The rms potential error with partial charges and atomic dipoles in kcal/mol is


RMSE_dipole =

    1.9773


ans =

The RRMSE value at dipole order


RRMSE_dipole =

    0.5333


ans =

The Ewald summation parameters were:


ans =

alpha = 


alpha =

    0.0938


ans =

realsumlimitA = 


realsumlimitA =

     4


ans =

realsumlimitB = 


realsumlimitB =

     2


ans =

realsumlimitC = 


realsumlimitC =

     2


ans =

kmaxA = 


kmaxA =

     1


ans =

kmaxB = 


kmaxB =

     3


ans =

kmaxC = 


kmaxC =

     3


ans =

skip = 


skip =

     1


ans =

Normal termination of Chargemol program.


ans =

Use and distribution of this program is subject to certain licensing restrictions.


ans =

Please see ddec.sourceforge.net for details.


ans =

Please cite the following journal references when using this code to compute RMSE and RRMSE values:


ans =

Thomas A. Manz and David S. Sholl, "Improved Atoms-in-Molecule Charge Partitioning Functional for Simultaneously Reproducing the Electrostatic Potential and Chemical States in Periodic and Non-Periodic Materials", J. Chem. Theory Comput., Vol. 8 (2012) 2844-2867.


ans =

Taku Watanabe, Thomas A. Manz, and David S. Sholl, "Accurate Treatment of Electrostatics during Molecular Adsorption in Nanoporous Crystals Without Assigning Point Charges to Framework Atoms", J. Phys. Chem. C, Vol. 115, 2011, pp. 4824 - 4836.


ans =

Exiting Chargemol

27-Jun-2015 22:26:23